# The Scores:
Yigal : x
Ola: 0.31721
Tamar: 0.3187
Ayelet: x
Itzik: 0.3119
Ronen: 0.33
Slav: 0.3309
Sari: x
Noa: 0.3353
Dror: 0.3273
Ido: 0.34
Nir: 0.3121
Keren: 0.3153
Kiril: 0.32568
Ran: 0.348
Dana: 0.348
Uri: x
Yossi: 0.31928
Meidan: 0.32785
6/17
